327349
62764
969012
347828
782570
815015
141174
868997
467996
929167
993303
424048
849163
468628
78183
35381
162332
60056
219995
871652
629200
672208
74524
400295
300189
324930
17317
795847
151871
563413
142986
806357
927228
249438
313423
725678
563719
228860
889929
643784
569168
446805
96627
589476
33946
293488
760982
91653
578721
58157
539646
15240
122032
595673
875887
63962
349087
975120
448581
350807
686952
442570
342491
491206
730386
111062
504760
25444
659286
646181
964989
417812
821789
246576
300344
186551
820341
213173
303345
712410
596339
286767
548700
222859
456084
898248
563912
352988
667919
136258
940943
621854
777455
271409
407729
181727
190287
306512
576867
688227
885785
617710
208976
683679
887624
365228
384853
316865
580962
508485
716562
895458
304873
890108
854009
584575
157256
382658
538354
690717
955592
552649
82388
268386
420760
757878
221353
942265
160030
355478
424687
954970
375634
338173
329721
983126
409929
658773
785947
524390
963108
936597
129920
974085
439774
397081
772419
898237
762361
332138
845289
319253
498772
946497
192667
396801
864602
837487
78566
573022
200705
698811
52444
852557
872067
473003
178391
220475
133380
760254
278928
202799
502162
699079
216895
644151
725597
560349
365775
467570
291393
916057
372069
156874
78314
298115
667524
879458
553410
982000
261452
894817
508418
307682
140572
887323
156904
968231
341436
682616
108117
176909
376684
289181
503526
649960
255983
165529
918499
860576
157233
305084
933922
490791
420647
49150
203094
746887
754550
338341
267438
547884
884401
59529
750836
416831
745948
426945
895100
473491
699035
669629
586203
97931
781939
742346
12861
496458
933450
911488
132354
486570
24735
482785
209179
546944
970064
672809
590827
131624
979609
337430
123209
614636
681908
978763
511688
530271
520810
688356
854677
805484
110714
34441
51421
532859
572798
632438
329254
364749
232902
350151
287775
228170
344816
600304
880411
575407
641659
486154
497361
377736
184922
570917
40529
362186
718311
222890
45149
608693
382614
237500
680703
467376
424575
225331
558650
964040
612523
620249
292760
35774
426983
457496
38361
454416
49104
935425
79728
143671
855637
214446
51477
985743
420536
402201
743180
572888
887414
466555
140059
895420
810035
994493
16292
940628
934673
980234
701396
802113
27808
479182
216125
25388
317396
631121
669337
169597
602120
431595
763508
516342
468617
219369
619471
901930
197786
610571
364229
540012
125882
997321
886360
802740
718689
560782
868160
107670
123454
924994
347535
387096
536219
82456
690377
1371
37577
861313
868677
262802
880396
23038
223254
528236
372109
975047
920365
861896
33473
566186
350376
957962
924791
942286
615618
401246
707871
838592
802832
182781
581391
565361
851699
500247
337078
438726
57133
969009
213082
699537
98123
677214
663781
854100
496363
797032
602096
872951
69983
864290
543536
929212
871104
875272
398520
945933
960464
459441
549249
217936
798522
432739
567364
238257
188827
326934
501669
105562
6355
275096
604547
321894
746134
197655
344502
861466
835287
366117
969503
62088
152186
938841
264523
597871
714586
85513
563721
775998
745293
214180
138965
848082
524552
373261
472552
648100
161565
83337
471184
584539
634075
462415
178151
411481
25017
686852
238029
252670
892721
555504
345328
872555
469747
331718
712567
191633
559184
478452
159440
231388
498587
443262
841776
378079
597166
256743
87431
896139
109915
73185
950359
330334
697995
553248
218577
569186
336273
181175
253504
285499
182341
200439
9385
957088
523312
178894
748113
332193
162667
38208
10552
57425
362893
398652
255255
519869
450491
81438
292356
228941
673059
708464
579651
906844
86389
104817
856766
574787
9686
864233
731806
671947
92919
556411
317142
354710
18706
771253
285802
562959
944320
280207
109232
451487
955061
639150
658432
251884
865133
669284
281561
14198
137162
501168
824721
984641
689106
234960
323550
798702
503099
532765
907444
577460
226038
213175
713960
371038
434267
711108
232275
175228
930157
520531
134582
224128
539598
326177
96939
541420
412494
131256
282256
447606
907404
291376
648510
428243
106911
427305
353241
970165
136321
70022
218526
788958
533164
812672
245468
283586
127618
479436
779498
217481
968742
75493
519054
584139
45033
108234
568476
812597
602298
970109
974210
301258
221621
867104
128671
221718
640486
347821
990592
981820
260571
29558
374736
430875
357047
794641
209610
513524
490113
794692
892679
996362
682917
844013
864429
414201
588927
280571
549346
869859
839378
451696
554936
68551
526352
763494
661906
357278
915810
949711
272286
13774
297360
568691
161812
807318
680593
509436
177112
123789
302593
873170
543112
866011
688093
527086
728775
513325
235636
903300
954773
871684
425197
284437
508509
242155
290082
74800
536627
743740
387461
751504
411034
477611
526566
166778
171019
447714
749571
425228
650602
26624
291572
219795
124699
625529
340663
174199
682434
354364
40372
485181
326791
755802
18996
561098
511172
71827
881744
886692
798448
563472
189597
552361
108421
709725
610449
465742
502161
596127
153722
473245
685755
220254
170706
679392
208926
625817
477500
13930
593012
523537
231410
662169
645114
509587
191748
610949
981864
843062
543710
419692
761523
10979
432715
261716
306665
435264
358420
375320
980893
945171
311284
185891
335680
370684
776844
70571
814127
68982
960889
407816
300109
775452
639033
268643
906067
639850
156178
65464
376376
998564
260220
244914
521227
962815
103826
83963
714927
162450
635275
401008
15497
429797
728282
22575
441502
31978
712162
941538
482452
541187
842366
629124
675478
948320
643905
337052
138898
802403
317300
114398
905212
554949
223541
534024
836510
769706
232003
709810
734990
328320
319810
988108
791569
467275
129173
201378
93486
389236
521069
435152
463869
887262
6191
968498
650338
197713
735631
106318
29808
982656
686319
83175
882670
864017
187273
996554
637395
763308
606416
269157
795250
344873
895454
129005
430372
310038
931093
547111
966885
737534
842330
923168
952505
846179
641848
333948
289589
729349
477551
309799
31082
599927
176756
671819
400588
968540
102141
654291
343121
80145
493963
443582
664920
506370
889819
138298
606551
363690
876549
24861
189841
660138
223324
280950
296609
77179
264207
924501
785197
875913
444873
420082
419161
886003
514762
380044
608518
220748
270066
382502
226562
798527
232547
161484
837
100891
661937
279341
200607
211525
527973
728102
897307
900146
963068
932884
795078
621170
233866
564894
190841
454845
291614
182961
383448
940371
956180
694616
773721
376256
126235
347976
491047
867828
391268
230559
218950
552624
743410
546491
248779
351339
646337
468977
769745
591601
693212
562626
520784
107757
687225
137700
266157
108116
843881
898577
140950
161041
555940
209094
424877
809362
535746
602215
451768
806069
854955
6509
346664
195169
336214
153986
972390
675703
2592
669132
551281
331954
799784
483393
389173
954138
939776
566161
551925
110
668571
313371
332447
333608
335070
803979
414751
760647
231954
273100
962484
144458
380798
151035
36206
331800
506697
601207
836119
782219
591734
723986
215318
412388
693815
800021
686609
802969
349757
740677
487781
958152
141625
396397
656256
722019
133360
697456
11864
605081
453376
693395
715025
610545
47959
804691
293101
839937
357403
80550
733044
159033
61672
642119
751200
330406
67137
379474
111029
949924
907456
636581
676566
779556
345734
62260
30287
514076
611517
343121
441431
694819
726001
16862
377437
527373
571132
570390
75856
766702
557059
811451
40745
568164
437050
666155
577809
303994
720410
929179
683045
150616
501970
401217
255448
781196
842856
976892
375923
500788
461867
964209
8227
71012
207506
105219
42715
291234
306327
761813
995243
938374
164685
183463
609969
386363
761071
146002
969407
93115
558155
974798
338729
595558
325835
924227
449577
782418
495839
310008
164177
971866
561126
199567
297316
691227
977488
155815
544145
221724
861677
247213
215467
575623
775135
966148
755096
306414
703293
545575
599601
555984
163009
128069
504910
949869
218291
921260
67753
171133
373635
686263
210548
631983
323968
67461
286363
505447
479005
261831
614643
205175
187233
790781
658666
540065
197031
804702
823682
781494
651866
417445
637627
494983
962235
949413
863635
638462
625536
444973
613309
512268
266307
513736
467114
728139
875360
933175
686999
284356
705119
749356
616596
122398
594589
987265
89790
752685
281235
350004
407586
372760
642986
815754
168912
723760
742161
583294
881819
852663
743803
132406
42239
801000
612531
765261
318306
737769
492651
466475
745005
350721
541034
210300
406081
707470
406769
800331
549805
470987
36281
27810
226828
291948
404671
695692
109868
215764
329589
10626
799036
799542
600087
459271
169197
272578
787892
96928
954455
945201
525046
203978
247138
76527
152854
765098
322170
150225
861043
985374
679270
99048
268156
487481
584775
730293
569459
934418
858983
699709
290426
110154
797036
868790
808365
482658
557294
74229
369383
699068
254870
656309
746007
791986
685289
580727
545230
396486
692184
306560
10208
997596
8919
955409
814858
400746
472422
925877
894160
130852
452158
232906
171702
659621
284466
879795
132838
249030
973427
737873
749008
429101
185806
411313
869573
927308
781064
267871
725732
158128
64047
409897
995852
392716
73179
377015
451987
925336
99762
838256
449822
280266
53656
453194
748645
459940
440801
710291
267598
933195
150527
906304
360026
686056
258556
918156
653270
882385
217490
526106
384296
816580
449491
809497
893131
823171
954147
6740
483861
336630
970126
187176
567805
134289
223861
439524
533262
191112
485200
59683
355874
819992
467661
929414
174235
935970
388166
234835
647003
515686
365413
609350
414570
606470
537097
760658
157451
208932
769116
311124
592586
492010
154748
549123
967340
572807
584135
705436
983867
431529
822784
716499
368458
843379
509470
85019
103857
71211
19637
806968
376655
680015
643783
173291
928414
223641
166815
711448
833551
527913
762236
674511
113460
193805
962019
171609
305525
506505
813851
841073
915951
260270
75886
974993
955338
889857
267965
577031
374255
231591
357248
176889
223447
713964
79590
328493
401122
733580
158034
256914
155296
741666
82718
269552
972057
155736
841729
91382
15039
65117
646504
334411
484990
490698
523086
133777
576878
316566
19606
870871
975866
421918
258943
347240
767101
476944
439473
958195
880464
594350
192216
272118
258409
981040
951549
286444
594027
307506
580167
842405
727586
118011
769910
975494
231461
160421
209982
9567
965709
713653
44201
994601
403932
206388
554271
545291
555435
552628
93221
909163
689746
289253
566461
841934
550372
383201
750050
753153
264090
278656
652366
506745
317196
705752
391456
644555
720054
971114
280763
384841
138108
495524
41169
120910
151235
385293
584434
946559
83997
675673
628998
767797
564435
149539
78714
435268
57050
183708
119485
505213
483800
521282
646942
753262
397023
24326
335860
137260
159269
666737
707431
681865
543393
92794
941838
343390
558878
594481
734707
807620
968081
938877
279085
22633
26337
350697
169045
480486
110100
535377
985007
366883
7314
828948
683416
215593
341143
488435
654032
307847
910824
129144
905525
298390
650314
796830
845232
262120
204453
160
141528
331629
751695
640835
561942
83407
64647
891804
220679
315506
837326
747246
368832
290370
865541
616166
653141
119578
737937
197620
788606
170520
447971
936467
669545
987729
845665
996593
548176
751727
485967
142868
878631
52551
926080
176025
301818
685334
550102
303632
200212
968566
845739
489991
54485
72201
331069
620072
855733
623399
569231
873257
734462
480818
373675
631500
626794
451003
695749
663510
680947
583799
815362
625369
800083
78971
306227
58631
151519
385194
944261
414911
620551
917502
391608
320937
900240
282476
350943
283944
453650
685182
622057
900682
763247
457051
534737
179269
585975
356026
175200
455274
975078
345727
415291
632468
734388
963596
507402
387886
198440
274683
152590
564923
936882
357870
613801
9626
445574
241412
953251
188438
836303
775163
868422
409057
565930
570044
204776
77926
582813
589013
295208
549277
817233
25782
547114
984977
144097
509055
698739
101167
208750
79281
159306
424018
985660
716830
242887
825354
557033
351516
819182
99580
748124
341808
686884
84817
793090
476612
409018
541422
360140
566084
883105
602286
863913
309997
258035
26280
797335
574070
31471
990046
551391
648112
978296
246985
790389
431999
653292
612203
122322
913433
136983
41707
884343
741445
156899
325057
997754
764251
636347
910398
989
849374
268274
661536
398486
493888
729792
919266
170425
68459
349138
699707
255141
237791
599942
406351
443147
137830
321265
993826
300771
792130
573736
833311
167833
921251
45211
483227
39207
375601
639445
401311
556833
197918
110581
614758
828269
28003
420641
77507
128722
387258
702934
866363
195322
59606
472153
169191
297324
829932
493941
704147
156756
270481
482703
312744
772003
701249
194814
58820
809091
738819
371834
807732
401462
143631
583451
853393
570779
287548
673562
962100
946555
250460
318632
175176
517454
617708
776328
403064
662724
540073
8201
586114
188749
675935
717359
477384
574534
382398
46125
534529
631076
882186
422218
872785
60930
348283
799212
472499
395007
646769
77291
70306
110202
856331
488890
583215
752782
719842
317650
766813
783125
687202
19009
286075
714962
465460
945705
511328
197559
131893
829094
871883
342223
103358
694124
595138
504619
26332
911329
413709
362045
529329
845003
195833
930639
248366
543969
459208
817256
445321
973620
663263
568594
92297
87751
365974
949484
352834
952404
407940
994598
584676
100498
437045
314585
42056
151902
422481
795029
207112
544055
199278
292805
382125
127047
109071
317225
759762
750775
371163
698339
928264
413814
571259
181330
151915
175460
900769
179392
958393
753329
565209
55164
241181
373858
725019
848933
886323
131363
53740
29829
744596
740920
413471
252634
227252
686282
700322
599952
513992
512391
446251
748135
169778
172477
942900
661242
713041
645789
481635
379959
74236
934574
461340
900385
701146
59205
527217
750577
443363
457201
251185
742045
281088
998847
982072
432934
235682
313185
4182
363785
911826
234563
58634
570605
917743
371743
924000
436508
705147
468677
674916
717763
340470
783753
290709
436612
289284
710506
757050
25185
578161
428873
839798
870316
761196
711893
45857
412215
255624
